Time[s] X[mm] Y[mm] a[rad] c11 c12 c13 c21 c22 c23 c31 c32 c33 
61243 1.03588 181.434 -0.000114861 BIG Y CHANGE KALMAN 
61244 1.01927 120.035 -0.00232265  
61244 1.3063 -101.376 -0.00359999  
61244 1.51283 110.683 -0.00404235  
61245 1.87334 -111.167 -0.00436655  
61245 4.89163 187.72 -0.0065999 BIG Y CHANGE KALMAN 
61245 2.43476 152.073 -0.00301006 BIG Y CHANGE KALMAN 
61246 2.71896 119.718 -0.00492018  
61246 0.103189 0.666328 -0.000534337  
61247 5.38619 -228.499 -0.00504292 BIG Y CHANGE KALMAN 
61248 4.08066 -170.231 -0.00383817 BIG Y CHANGE KALMAN 
61248 7.507 -284.313 -0.00639461 BIG Y CHANGE KALMAN 
61248 3.26909 -28.798 -0.00198832  
61248 2.56913 8.00175 -0.00172755  
61249 7.76518 133.558 -0.00650235  
61249 0.119645 0.799353 -0.000701868  
61250 0.140268 -1.34183 -0.00111479  
61250 0.178559 -1.74603 -0.00145771  
61250 0.156597 -1.48364 -0.00153495  
61251 0.216626 -3.59238 -0.00160474  
61252 0.151084 0.773792 -0.00139148  
61252 0.188139 -3.38845 -0.00133609  
61252 0.192032 -1.86149 -0.00140774  
61253 0.277274 -5.42569 -0.00164145  
61254 0.242856 4.12303 -0.00124328  
61255 0.375764 -2.75863 -0.0021458  
61255 0.316314 6.12105 -0.00225504  
61255 0.38181 4.53457 -0.00233208  
61256 0.360021 -7.9302 -0.00216213  
61256 0.456283 7.99482 -0.00252223  
61257 0.348517 0.338309 -0.00242424  
61258 0.460333 8.02987 -0.00216394  
61258 0.547497 13.7869 -0.0034457  
61259 0.596922 10.0257 -0.0030139  
61259 0.648401 9.40694 -0.00387355  
61260 0.515912 -4.86924 -0.00344169  
61260 0.636258 -6.778 -0.00440568  
61261 0.570206 -6.75945 -0.00383075  
61262 0.608624 -7.36081 -0.00388395  
61262 0.589893 -8.78385 -0.00374013  
61262 0.68425 13.7714 -0.00387965  
61263 0.756616 10.1216 -0.00398032  
61263 0.890526 14.1871 -0.00424211  
61264 0.720272 -6.86117 -0.00413712  
61264 0.766525 17.8622 -0.00438567  
61265 0.570381 -0.438713 -0.00322618  
61265 0.839688 9.89956 -0.00399266  
61265 0.747802 18.1558 -0.00415594  
61266 0.716484 -15.6805 -0.00543225  
61266 0.766578 -4.96733 -0.00447502  
61266 0.713263 7.16148 -0.00434486  
61267 0.734439 1.536 -0.00455295  
61268 0.674906 -2.16574 -0.00362291  
61268 0.791111 -10.7432 -0.0271263  
61268 0.737326 15.1348 -0.0573033  
61269 0.738115 -39.9222 -0.171786  
61269 20.7505 146.795 -1.54415  
61269 0.379523 -0.797519 -0.346765  
61270 19.0291 29.7024 -3.91072  
61271 -0.337065 -5.21531 -1.0033  
61272 6.84009 -75.0558 -3.91333  
61272 8.53038 -130.576 -7.21538  
61273 -0.775161 -1.4617 -1.32412  
61273 6.7534 -90.9667 -8.85448  
61275 0.01927 -5.25591 -0.86445  
61275 0.695495 6.91228 -2.16233  
61276 0.214204 4.91023 -1.87622  
61276 -1.02366 -8.7774 -1.49498  
61276 -1.01606 -1.89026 -2.25145  
61277 -1.42272 -5.51643 -1.77901  
61278 -3.02593 4.40861 -4.61034  
61278 -2.52559 8.1373 -4.17097  
61279 -3.39978 1.59403 -3.74172  
61279 -0.403614 -2.28827 -0.701947  
61280 -6.7156 7.85917 -6.09517  
61280 -0.477449 -3.39031 -1.06685  
61280 -8.06479 4.67886 -5.90841  
61281 -8.74577 -5.61535 -4.07141  
61281 -8.93118 -2.41812 -3.42754  
61282 -8.64775 -3.0042 -4.13019  
61282 -7.7615 -0.921193 -3.22843  
61282 -13.7164 4.13794 -5.96401  
61283 -12.7383 -0.697821 -3.21869  
61283 -14.7949 0.66355 -4.46173  
61284 -15.0652 -0.430648 -3.95115  
61284 -19.2315 0.633815 -4.64473  
61285 -24.6256 5.85777 -5.87896  
61286 -31.6113 3.54843 -6.58463  
61286 -7.9295 0.586401 1.14951  
61287 -12.7828 0.153823 0.195057  
61288 -36.465 2.23813 -1.70829  
61289 -29.2924 1.58087 -1.55951  
61290 -65.6436 6.3086 -3.77787  
61290 -159.221 17.8314 -6.37855 BIG X CHANGE KALMAN 
61290 0 17.8314 -6.37855  
61291 -172.482 16.4859 -6.07236 BIG X CHANGE KALMAN 
61291 0 16.4859 -6.07236  
61291 -120.078 9.44058 -4.46068  
61292 -638.469 64.8202 -16.7993 BIG X CHANGE KALMAN 
61292 0 64.8202 -16.7993  
61293 4369.53 -457.248 92.0733 BIG X CHANGE KALMAN 
61293 4369.53 -457.248 92.0733 BIG Y CHANGE KALMAN 
61294 -1326.85 128.856 -32.4884 BIG X CHANGE KALMAN 
61294 0 128.856 -32.4884  
61295 792.693 -86.1228 16.3214 BIG X CHANGE KALMAN 
61295 0 -86.1228 16.3214  
61296 274.014 -32.7001 2.4003 BIG X CHANGE KALMAN 
61296 0 -32.7001 2.4003  
61297 285.279 -34.1929 -1.05956 BIG X CHANGE KALMAN 
61297 0 -34.1929 -1.05956  
61298 149.119 -16.943 -2.29155  
61298 88.2644 -9.28272 -5.35091  
61299 62.1386 -9.56703 4.39973  
61300 18.1046 -1.41748 0.806867  
61300 14.5068 -2.55401 0.151929  
61301 24.3166 -2.53406 0.0310377  
61301 16.0128 -1.47787 -0.907262  
61302 15.4476 -0.774813 -1.22499  
61302 8.17556 -0.522188 -1.30272  
61303 8.68457 -0.55937 -1.18073  
61303 6.43664 -7.20996 -3.31287  
61304 7.52887 1.59862 -1.97535  
61304 6.74299 2.31498 -2.07815  
61306 4.4455 0.873079 -2.16287  
61306 5.18785 2.76227 -2.01526  
61306 2.66906 1.79834 -1.42114  
61307 -8.00784 -7.05305 -9.26952  
61307 3.97803 2.28817 -1.57525  
61308 1.64973 2.23584 -1.34745  
61308 5.41597 5.45202 -3.00708  
61309 -0.207351 -1.78511 1.982  
61309 -1.23556 -6.87087 0.718896  
61310 -0.32785 -2.13257 1.78151  
61310 -0.93943 -4.39764 0.413898  
61310 -0.121948 -3.4539 0.452694  
61311 -0.568322 -3.20582 0.321469  
61311 0.0130196 -2.01747 0.279906  
61312 0.93748 -2.07533 1.14335  
61312 -0.200726 -2.56216 0.1628  
61313 -0.195171 -2.02988 0.158801  
61313 0.34923 -2.75128 0.299943  
61314 0.0331559 -1.93462 0.164951  
61314 -0.121606 -2.30225 0.155797  
61314 0.185066 -1.5082 0.155926  
61315 -0.0309958 -1.5494 0.119809  
