Time[s] X[mm] Y[mm] a[rad] c11 c12 c13 c21 c22 c23 c31 c32 c33 
66322 1210 390.005 90.0002  
66322 1210 390.011 90  
66322 1210 390.086 90.001  
66322 1210 390.314 90.0015  
66322 1210 390.684 89.9973  
66322 1210 391.2 90  
66322 1210 391.863 90.0004  
66322 1210 392.658 90.001  
66322 1210 393.617 89.9981  
66322 1210 394.72 89.9947  
66322 1210 395.982 89.9975  
66322 1210 397.384 89.9951  
66322 1210 398.911 89.9849  
66322 1210 400.595 89.9798  
66322 1210 402.313 89.9972  
66322 1210 404.011 89.9955  
66322 1210 405.744 89.9972  
66322 1210 407.46 89.981  
66323 1210 409.765 89.9951  
66323 1210 411.659 89.9965  
66323 1210 413.376 89.9817  
66323 1210 415.158 89.9952  
66323 1210 416.871 89.9844  
66323 1210 418.589 89.9951  
66323 1210 420.289 89.997  
66323 1210 421.987 89.9957  
66323 1210 423.721 89.9964  
66323 1210 425.451 89.9967  
66323 1210 427.201 89.9816  
66323 1210 428.916 89.9986  
66323 1210.01 430.632 89.9806  
66323 1210.01 432.35 89.9967  
66323 1210.01 434.047 89.9977  
66323 1210.01 435.78 89.9947  
66323 1210.01 437.513 89.9977  
66323 1210.01 439.228 89.9814  
66323 1210.01 440.945 89.9981  
66324 1210.01 442.646 89.9964  
66324 1210.01 444.377 89.9956  
66324 1210.01 446.108 89.9984  
66324 1210.01 447.841 89.995  
66324 1210.01 449.557 89.9837  
66324 1210.01 451.272 89.9962  
66324 1210.01 452.988 89.9827  
66324 1210.01 454.705 89.9968  
66324 1210.01 456.796 89.9955  
66324 1210.01 458.576 89.9833  
66324 1210.01 460.54 89.9819  
66324 1210.01 462.464 89.9827  
66324 1210.01 464.166 89.9845  
66324 1210.01 465.884 89.996  
66324 1210.01 467.598 89.9826  
66324 1210.01 469.478 89.9974  
66324 1210.01 471.765 89.9953  
66324 1210.01 473.466 89.9973  
66325 1210.01 475.198 89.9971  
66325 1210.01 476.913 89.9806  
66325 1210.01 479.055 89.9973  
66325 1210.01 480.77 89.981  
66325 1210.01 482.486 89.9956  
66325 1210.01 484.186 89.9957  
66325 1210.01 485.899 89.9824  
66325 1210.01 487.584 89.999  
66325 1210.01 489.284 89.9952  
66325 1210.01 491 89.9854  
66325 1210.01 492.716 89.9964  
66325 1210.01 494.415 89.9949  
66325 1210.01 496.117 89.9961  
66325 1210.01 497.832 89.9803  
66325 1210.02 499.546 89.9983  
66325 1210.02 501.263 89.9804  
66325 1210.02 502.98 89.9968  
66325 1210.02 504.678 89.9971  
66325 1210.02 506.378 89.9942  
66326 1210.02 508.079 89.9968  
66326 1210.02 509.777 89.9953  
66326 1210.02 511.461 89.9837  
66326 1210.02 513.159 89.9832  
66326 1210.02 514.844 89.9964  
66326 1210.02 516.543 89.9971  
66326 1210.02 518.243 89.9949  
66326 1210.02 519.909 89.9973  
66326 1210.02 521.609 89.9957  
66326 1210.02 523.291 89.984  
66326 1210.02 524.976 89.9953  
66326 1210.02 526.676 89.9962  
66326 1210.02 528.358 89.9833  
66326 1210.02 530.058 89.9804  
66326 1210.02 531.757 89.9832  
66326 1210.02 533.44 89.9959  
66326 1210.02 535.141 89.9982  
66326 1210.02 536.808 89.9962  
66326 1210.02 538.492 89.9818  
66326 1210.02 540.173 89.9979  
66327 1210.02 541.873 89.9946  
66327 1210.02 543.558 89.9832  
66327 1210.02 545.239 89.9955  
66327 1210.02 546.923 89.9833  
66327 1210.02 548.607 89.9956  
66327 1210.02 550.291 89.9816  
66327 1210.02 551.973 89.9981  
66327 1210.02 553.672 89.9945  
66327 1210.02 555.357 89.983  
66327 1210.02 557.039 89.9957  
66327 1210.02 558.723 89.9838  
66327 1210.02 560.408 89.9964  
66327 1210.02 562.106 89.9964  
66327 1210.02 563.805 89.9976  
66327 1210.02 565.505 89.995  
66327 1210.02 567.204 89.9975  
66327 1210.03 568.872 89.9963  
66327 1210.03 570.571 89.9975  
66327 1210.03 572.238 89.9955  
66328 1210.03 573.923 89.9811  
66328 1210.03 575.604 89.997  
66328 1210.03 577.319 89.9794  
66328 1210.03 579.003 89.9969  
66328 1210.03 580.67 89.9953  
66328 1210.03 582.37 89.997  
66328 1210.03 584.037 89.996  
66328 1210.03 585.737 89.9953  
66328 1210.03 587.417 89.9853  
66328 1210.03 589.029 89.9944  
66328 1210.03 590.494 89.985  
66328 1210.03 591.814 89.9948  
66328 1210.03 592.988 89.988  
66328 1210.03 594.064 90.0366  
66328 1210.03 595.077 90.1392  
66328 1210.02 596.008 90.301  
66328 1210.02 596.867 90.5403  
66328 1210.01 597.662 90.8386  
66328 1209.99 598.37 91.1947  
66329 1209.98 599.015 91.619  
66329 1209.96 599.581 92.1044  
66329 1209.94 600.087 92.6577  
66329 1209.92 600.514 93.2777  
66329 1209.89 600.869 93.9657  
66329 1209.87 601.136 94.7036  
66329 1209.86 601.352 95.5139  
66329 1209.84 601.488 96.3948  
66329 1209.83 601.548 97.3354  
66329 1209.83 601.555 98.3326  
66329 1209.83 601.555 99.3305  
66329 1209.83 601.554 100.308  
66329 1209.83 601.555 101.31  
66329 1209.83 601.555 102.305  
66329 1209.83 601.555 103.307  
66329 1209.83 601.554 104.305  
66329 1209.84 601.544 105.291  
66329 1209.83 601.555 106.283  
66329 1209.83 601.555 107.261  
66329 1209.83 601.556 108.261  
66330 1209.84 601.544 109.252  
66330 1209.84 601.545 110.245  
66330 1209.83 601.556 111.238  
66330 1209.83 601.555 112.237  
66330 1209.84 601.546 113.226  
66330 1209.83 601.555 114.218  
66330 1209.84 601.544 115.202  
66330 1209.83 601.556 116.194  
66330 1209.83 601.555 117.194  
66330 1209.84 601.545 118.18  
66330 1209.83 601.555 119.172  
66330 1209.84 601.544 120.159  
66330 1209.83 601.555 121.148  
66330 1209.84 601.545 122.141  
66330 1209.83 601.555 123.126  
66330 1209.84 601.546 124.136  
66330 1209.83 601.554 125.124  
66330 1209.84 601.546 126.111  
66330 1209.83 601.554 127.104  
66331 1209.83 601.554 128.1  
66331 1209.83 601.555 129.1  
66331 1209.83 601.554 130.158  
66331 1209.83 601.555 131.153  
66331 1209.84 601.547 132.146  
66331 1209.83 601.554 133.133  
66331 1209.84 601.548 134.123  
66331 1209.83 601.554 135.114  
66331 1209.84 601.547 136.119  
66331 1209.83 601.555 137.109  
66331 1209.83 601.554 138.109  
66331 1209.84 601.547 139.097  
66331 1209.83 601.554 140.089  
66331 1209.84 601.546 141.074  
66331 1209.85 601.54 142.14  
66331 1209.83 601.554 143.276  
66331 1209.83 601.554 144.273  
66331 1209.83 601.554 145.255  
66331 1209.83 601.553 146.25  
66332 1209.83 601.554 147.249  
66332 1209.84 601.548 148.279  
66332 1209.83 601.554 149.304  
66332 1209.83 601.554 150.287  
66332 1209.83 601.552 151.283  
66332 1209.84 601.548 152.271  
66332 1209.83 601.553 153.475  
66332 1209.83 601.553 154.491  
66332 1209.83 601.554 155.493  
66332 1209.83 601.553 156.468  
66332 1209.83 601.554 157.467  
66332 1209.83 601.553 158.566  
66332 1209.84 601.55 159.917  
66332 1209.83 601.553 161.025  
66332 1209.84 601.549 162.009  
66332 1209.83 601.553 163  
66332 1209.83 601.553 164.001  
66332 1209.83 601.553 164.997  
66333 1209.84 601.55 165.989  
66333 1209.84 601.55 166.983  
66333 1209.83 601.553 167.973  
66333 1209.83 601.552 168.975  
66333 1209.84 601.55 169.961  
66333 1209.84 601.55 170.963  
66333 1209.83 601.552 171.949  
66333 1209.83 601.552 172.948  
66333 1209.83 601.552 173.95  
66333 1209.83 601.552 175.041  
66333 1209.83 601.552 176.043  
66333 1209.83 601.552 177.04  
66333 1209.84 601.552 178.028  
66333 1209.83 601.552 179.02  
66333 1209.83 601.552 180.016  
66333 1209.83 601.552 181.015  
66333 1209.83 601.552 182.017  
66333 1209.83 601.552 183.012  
66333 1209.84 601.552 184.003  
66333 1209.83 601.552 184.991  
66334 1209.83 601.552 185.99  
66334 1209.83 601.552 186.993  
66334 1209.83 601.552 187.986  
66334 1209.83 601.551 188.985  
66334 1209.83 601.551 189.986  
66334 1209.83 601.552 190.984  
66334 1209.84 601.554 191.976  
66334 1209.83 601.552 192.961  
66334 1209.83 601.551 193.96  
66334 1209.84 601.554 194.953  
66334 1209.83 601.551 195.939  
66334 1209.83 601.551 196.941  
66334 1209.84 601.555 197.927  
66334 1209.84 601.554 198.926  
66334 1209.83 601.551 199.918  
66334 1209.84 601.555 200.923  
66334 1209.83 601.55 201.914  
66334 1209.83 601.551 202.913  
66334 1209.84 601.555 203.9  
66335 1209.83 601.55 204.892  
66335 1209.83 601.55 205.888  
66335 1209.83 601.55 206.907  
66335 1209.83 601.551 207.927  
66335 1209.84 601.556 208.911  
66335 1209.83 601.55 209.904  
66335 1209.83 601.551 210.902  
66335 1209.83 601.55 211.901  
66335 1209.83 601.551 212.902  
66335 1209.83 601.551 213.877  
66335 1209.83 601.55 214.877  
66335 1209.83 601.55 215.878  
66335 1209.83 601.55 216.875  
66335 1209.83 601.55 217.876  
66335 1209.83 601.551 218.872  
66335 1209.83 601.549 219.87  
66335 1209.83 601.551 220.872  
66335 1209.83 601.55 221.868  
66335 1209.83 601.55 222.869  
66336 1209.83 601.551 223.848  
66336 1209.83 601.551 224.845  
66336 1209.83 601.55 225.847  
66336 1209.83 601.551 226.843  
66336 1209.83 601.55 227.882  
66336 1209.83 601.551 228.976  
66336 1209.83 601.551 229.973  
66336 1209.84 601.559 230.965  
66336 1209.84 601.56 231.98  
66336 1209.84 601.558 233.231  
66336 1209.84 601.56 234.284  
66336 1209.84 601.558 235.9  
66336 1209.83 601.55 236.907  
66336 1209.84 601.558 237.916  
66336 1209.83 601.55 238.927  
66336 1209.83 601.55 239.921  
66336 1209.83 601.548 240.922  
66336 1209.84 601.559 241.912  
66337 1209.84 601.559 242.91  
66337 1209.83 601.549 243.902  
66337 1209.83 601.551 244.896  
66337 1209.83 601.549 245.895  
66337 1209.83 601.549 246.898  
66337 1209.83 601.55 247.894  
66337 1209.83 601.549 248.895  
66337 1209.83 601.551 249.891  
66337 1209.83 601.549 250.889  
66337 1209.83 601.55 251.892  
66337 1209.84 601.561 252.879  
66337 1209.83 601.549 253.889  
66337 1209.83 601.551 254.886  
66337 1209.83 601.549 255.883  
66337 1209.83 601.549 256.885  
66337 1209.83 601.55 257.883  
66337 1209.83 601.548 258.883  
66337 1209.83 601.55 259.882  
66337 1209.83 601.56 261.041  
66338 1209.83 601.549 262.052  
66338 1209.83 601.561 263.039  
66338 1209.83 601.55 264.029  
66338 1209.83 601.55 265.03  
66338 1209.83 601.551 266.005  
66338 1209.83 601.549 267.005  
66338 1209.83 601.548 268.005  
66338 1209.83 601.56 268.993  
66338 1209.83 601.549 269.986  
66338 1209.83 601.562 270.97  
66338 1209.83 601.549 272.075  
66338 1209.84 601.417 273.465  
66338 1209.85 601.225 274.384  
66338 1209.87 601.033 275.163  
66338 1209.88 600.858 275.81  
66338 1209.91 600.664 276.335  
66338 1209.93 600.472 276.749  
66338 1209.95 600.287 277.01  
66338 1209.97 600.123 277.16  
66339 1209.98 600.028 277.244  
66339 1209.99 600.003 277.267  
66339 1209.99 600.003 277.267  
66339 1209.99 600.003 277.267  
66339 1209.99 600.003 277.267  
66339 1209.99 600.003 277.267  
66339 1209.99 600.003 277.267  
66339 1209.99 600.003 277.267  
66339 1209.99 600.003 277.267  
66339 1209.99 600.003 277.267  
66339 1209.99 600.003 277.267  
66339 1209.99 600.003 277.267  
66339 1209.99 600.003 277.267  
66339 1209.99 600.003 277.267  
66339 1209.99 600.003 277.267  
66339 1209.99 600.003 277.267  
66339 1209.99 600.003 277.267  
66339 1209.99 600.003 277.267  
66339 1209.99 600.003 277.267  
66339 1209.99 600.003 277.267  
66340 1209.99 600.003 277.267  
66340 1209.99 600.003 277.267  
66340 1209.99 600.003 277.267  
66340 1209.99 600.003 277.267  
66340 1209.99 600.003 277.267  
66340 1209.99 600.003 277.267  
66340 1209.99 600.003 277.267  
66340 1209.99 600.003 277.267  
66340 1209.99 600.003 277.267  
66340 1209.99 600.004 277.267  
66340 1209.99 600.004 277.267  
66340 1209.99 600.004 277.267  
66340 1209.99 600.004 277.267  
66340 1209.99 600.004 277.267  
66340 1209.99 600.004 277.267  
66340 1209.99 600.004 277.267  
66340 1209.99 600.004 277.267  
66340 1209.99 600.004 277.267  
66340 1209.99 600.004 277.267  
66341 1209.99 600.004 277.267  
66341 1209.99 600.004 277.267  
66341 1209.99 600.004 277.267  
66341 1209.99 600.004 277.267  
66341 1209.99 600.004 277.267  
66341 1209.99 600.004 277.267  
66341 1209.99 600.004 277.267  
66341 1209.99 600.004 277.267  
66341 1209.99 600.004 277.267  
66341 1209.99 600.004 277.267  
66341 1209.99 600.004 277.267  
66341 1209.99 600.004 277.267  
66341 1209.99 600.004 277.267  
66341 1209.99 600.004 277.267  
66341 1209.99 600.004 277.267  
66341 1209.99 600.004 277.267  
66341 1209.99 600.003 277.267  
66341 1209.99 600.003 277.267  
66341 1209.99 600.003 277.267  
66342 1209.99 600.003 277.267  
66342 1209.99 600.003 277.267  
66342 1209.99 600.003 277.267  
66342 1209.99 600.003 277.267  
66342 1209.99 600.003 277.267  
66342 1209.99 600.003 277.267  
66342 1209.99 600.003 277.267  
66342 1209.99 600.003 277.267  
66342 1209.99 600.003 277.267  
66342 1209.99 600.003 277.267  
66342 1209.99 600.003 277.267  
66342 1209.99 600.003 277.267  
66342 1209.99 600.003 277.267  
66342 1209.99 600.003 277.267  
66342 1209.99 600.003 277.267  
66342 1209.99 600.003 277.267  
66342 1209.99 600.003 277.267  
66342 1209.99 600.003 277.267  
66342 1209.99 600.003 277.267  
66343 1209.99 600.003 277.267  
66343 1209.99 600.003 277.267  
66343 1209.99 600.003 277.267  
66343 1209.99 600.004 277.267  
66343 1209.99 600.004 277.267  
66343 1209.99 600.004 277.267  
66343 1209.99 600.004 277.267  
66343 1209.99 600.004 277.267  
66343 1209.99 600.004 277.267  
66343 1209.99 600.004 277.267  
66343 1209.99 600.004 277.267  
66343 1209.99 600.004 277.267  
66343 1209.99 600.004 277.267  
66343 1209.99 600.004 277.267  
66343 1209.99 600.004 277.267  
66343 1209.99 600.004 277.267  
66343 1209.99 600.004 277.267  
66343 1209.99 600.004 277.267  
66343 1209.99 600.004 277.267  
66344 1209.99 600.004 277.267  
66344 1209.99 600.004 277.267  
66344 1209.99 600.004 277.267  
66344 1209.99 600.004 277.267  
66344 1209.99 600.004 277.267  
66344 1209.99 600.004 277.267  
66344 1209.99 600.004 277.267  
66344 1209.99 600.004 277.267  
66344 1209.99 600.004 277.267  
66344 1209.99 600.004 277.267  
66344 1209.99 600.004 277.267  
66344 1209.99 600.004 277.267  
66344 1209.99 600.004 277.267  
66344 1209.99 600.004 277.267  
66344 1209.99 600.004 277.267  
66344 1209.99 600.004 277.267  
66344 1209.99 600.004 277.267  
66344 1209.99 600.004 277.267  
66344 1209.99 600.004 277.267  
66344 1209.99 600.004 277.267  
66345 1209.99 600.004 277.267  
66345 1209.99 600.004 277.267  
66345 1209.99 600.004 277.267  
66345 1209.99 600.004 277.267  
66345 1209.99 600.004 277.267  
66345 1209.99 600.003 277.268  
66345 1209.99 600.003 277.268  
66345 1209.99 600.003 277.268  
66345 1209.99 600.003 277.268  
66345 1209.99 600.003 277.268  
66345 1209.99 600.003 277.268  
