Time[s] X[mm] Y[mm] a[rad] c11 c12 c13 c21 c22 c23 c31 c32 c33 
39764 1198 389 1 0.0724236 0.0225897 4.2931e-05 0.0225897 0.0797262 5.90263e-05 4.2931e-05 5.90263e-05 1.12178e-07  
39764 1196 404 1 0.204412 0.0200086 8.68774e-05 0.0200086 0.0429689 3.26326e-05 8.68774e-05 3.26326e-05 1.41691e-07  
39764 1214 419 1 0.146987 -0.0301577 7.49691e-05 -0.0301577 0.0968754 -5.46148e-05 7.49691e-05 -5.46148e-05 1.35767e-07  
39765 1207 259 1 0.696508 -0.00680806 1.2809e-05 -0.00680806 45.9921 -0.000500786 1.2809e-05 -0.000500786 9.42197e-07  
39765 1194 438 1 0.106383 0.0243478 4.98722e-05 0.0243478 0.068904 4.07975e-05 4.98722e-05 4.07975e-05 8.35664e-08  
39765 1210 451 1 0.120758 -0.00783275 4.5008e-05 -0.00783275 0.0342069 -1.20119e-05 4.5008e-05 -1.20119e-05 6.90217e-08  
39766 1211 459 1 0.0924464 -0.0204619 5.21725e-05 -0.0204619 0.0534067 -4.31876e-05 5.21725e-05 -4.31876e-05 1.10117e-07  
39766 1203 249 1 0.535229 -0.00975617 6.78124e-06 -0.00975617 54.4579 -0.00102633 6.78124e-06 -0.00102633 7.13377e-07  
39766 1197 479 1 0.253378 0.0362761 0.000105364 0.0362761 0.148225 5.6251e-05 0.000105364 5.6251e-05 1.63381e-07  
39766 1207 489 1 0.205057 -0.0093321 8.98529e-05 -0.0093321 0.0579102 -1.20391e-05 8.98529e-05 -1.20391e-05 1.15917e-07  
39767 1208 495 1 0.0842347 -0.0111817 3.61184e-05 -0.0111817 0.0436377 -1.98176e-05 3.61184e-05 -1.98176e-05 6.40137e-08  
39767 1198 327 1 1.4947 -0.000479868 4.19202e-05 -0.000479868 58.2532 -1.95001e-05 4.19202e-05 -1.95001e-05 1.70349e-06  
39767 1200 516 1 0.321786 0.00443745 0.000140474 0.00443745 0.152328 7.01859e-06 0.000140474 7.01859e-06 2.22184e-07  
39768 1203 524 1 0.273764 -0.0170923 0.000133487 -0.0170923 0.0760557 -2.50697e-05 0.000133487 -2.50697e-05 1.95789e-07  
39768 1206 529 1 0.130319 -0.02369 5.66821e-05 -0.02369 0.123994 -4.55519e-05 5.66821e-05 -4.55519e-05 1.0899e-07  
39769 1204 543 1 0.0873903 -0.0182761 3.79623e-05 -0.0182761 0.0731504 -3.4886e-05 3.79623e-05 -3.4886e-05 7.24637e-08  
39769 1194 351 1 0.484899 0.00871876 7.32705e-06 0.00871876 49.0889 0.000916663 7.32705e-06 0.000916663 7.70343e-07  
39769 1198 576 1 0.281022 -0.0453845 0.000109087 -0.0453845 0.27145 -8.45905e-05 0.000109087 -8.45905e-05 2.03323e-07  
39770 1191 384 1 0.667198 0.012214 8.41848e-06 0.012214 67.8758 0.00126214 8.41848e-06 0.00126214 8.69932e-07  
39770 1198 596 1 0.211398 -0.0345767 8.8512e-05 -0.0345767 0.140547 -6.09676e-05 8.8512e-05 -6.09676e-05 1.56069e-07  
39770 0 0 1 nan nan nan nan nan nan nan nan nan  
39770 1200 612 1 0.183437 -0.0552063 0.000103795 -0.0552063 0.140103 -0.00010514 0.000103795 -0.00010514 1.97676e-07  
39771 1191 292 1 0.576168 0.00965779 1.01582e-05 0.00965779 38.5738 0.000785666 1.01582e-05 0.000785666 8.26374e-07  
39771 1198 632 1 0.161356 -0.057064 8.0972e-05 -0.057064 0.219771 -0.00011187 8.0972e-05 -0.00011187 1.5874e-07  
39771 1188 297 1 1.05534 0.00955789 2.44569e-05 0.00955789 51.9286 0.000604093 2.44569e-05 0.000604093 1.54576e-06  
39772 1191 658 1 0.282482 -0.0467837 9.34229e-05 -0.0467837 0.376009 -9.66184e-05 9.34229e-05 -9.66184e-05 1.92938e-07  
39772 1183 394 1 0.535446 0.00273793 1.56969e-05 0.00273793 26.251 0.000157634 1.56969e-05 0.000157634 9.03734e-07  
39772 1195 673 1 0.265269 -0.0617539 0.000130518 -0.0617539 0.15953 -0.00010149 0.000130518 -0.00010149 2.14501e-07  
39773 1181 397 1 0.464689 0.00922797 6.40408e-06 0.00922797 47.4854 0.00103182 6.40408e-06 0.00103182 7.16071e-07  
39773 1193 694 1 0.209433 -0.0541141 0.000111362 -0.0541141 0.13046 -8.55746e-05 0.000111362 -8.55746e-05 1.76105e-07  
39773 1183 402 1 0.579962 0.0115444 1.16582e-05 0.0115444 38.9574 0.000891839 1.16582e-05 0.000891839 9.0063e-07  
39774 1190 712 1 0.148801 -0.0544767 8.61759e-05 -0.0544767 0.21177 -0.000116526 8.61759e-05 -0.000116526 1.84331e-07  
39774 1181 365 1 0.637719 0.0106725 9.84192e-06 0.0106725 42.8436 0.000898546 9.84192e-06 0.000898546 8.28619e-07  
39775 1189 735 1 0.196099 -0.0465977 9.4122e-05 -0.0465977 0.115973 -6.9551e-05 9.4122e-05 -6.9551e-05 1.40485e-07  
39775 0 0 1 nan nan nan nan nan nan nan nan nan  
39775 1186 754 1 0.127809 -0.0377771 6.92919e-05 -0.0377771 0.161665 -7.72592e-05 6.92919e-05 -7.72592e-05 1.41711e-07  
39776 1176 503 1 0.510578 0.0104412 9.03567e-06 0.0104412 34.4572 0.000810797 9.03567e-06 0.000810797 7.01651e-07  
39776 1179 782 1 0.335951 -0.0583468 0.000162609 -0.0583468 0.239958 -0.000102486 0.000162609 -0.000102486 2.85621e-07  
39776 1174 613 1 0.387075 0.00874838 9.28754e-06 0.00874838 25.9306 0.000554451 9.28754e-06 0.000554451 5.88622e-07  
39777 1181 803 1 0.264297 -0.059778 0.000118139 -0.059778 0.16975 -8.13989e-05 0.000118139 -8.13989e-05 1.60868e-07  
39777 0 0 1 nan nan nan nan nan nan nan nan nan  
39777 1178 827 1 0.191869 -0.038675 8.67066e-05 -0.038675 0.112699 -5.13574e-05 8.67066e-05 -5.13574e-05 1.1514e-07  
39778 1163 574 1 0.398405 0.00628521 1.05089e-05 0.00628521 26.3985 0.000413146 1.05089e-05 0.000413146 6.90783e-07  
39778 1175 850 1 0.136554 -0.0427559 7.17461e-05 -0.0427559 0.165758 -7.44765e-05 7.17461e-05 -7.44765e-05 1.24974e-07  
39779 1165 560 1 0.355575 0.00474939 5.10459e-06 0.00474939 35.6324 0.000468218 5.10459e-06 0.000468218 5.03236e-07  
39779 1173 876 1 0.237553 -0.0569277 0.000117594 -0.0569277 0.164074 -8.76963e-05 0.000117594 -8.76963e-05 1.81151e-07  
39779 1163 692 1 0.367502 0.00402343 1.33576e-05 0.00402343 18.0515 0.000191519 1.33576e-05 0.000191519 6.35834e-07  
39780 1172 896 1 0.224174 -0.0337965 9.73005e-05 -0.0337965 0.0950431 -4.08759e-05 9.73005e-05 -4.08759e-05 1.17682e-07  
39780 1162 899 1 0.373022 -0.0418821 0.000177226 -0.0418821 0.493676 -8.90584e-05 0.000177226 -8.90584e-05 3.76856e-07  
39781 1169 900 1 0.222602 -0.0487651 0.000108851 -0.0487651 0.153517 -7.351e-05 0.000108851 -7.351e-05 1.64085e-07  
39781 1168 899 1 0.205636 -0.0376182 9.88244e-05 -0.0376182 0.102934 -4.86834e-05 9.88244e-05 -4.86834e-05 1.27893e-07  
39782 1166 899 1 0.166728 -0.0297681 6.70921e-05 -0.0297681 0.139196 -4.80538e-05 6.70921e-05 -4.80538e-05 1.08305e-07  
39782 1164 897 1 0.138076 -0.0340904 7.16823e-05 -0.0340904 0.157766 -6.62981e-05 7.16823e-05 -6.62981e-05 1.39406e-07  
39783 1162 899 1 0.151247 -0.0429016 7.9294e-05 -0.0429016 0.203137 -8.26517e-05 7.9294e-05 -8.26517e-05 1.52763e-07  
39784 1161 897 1 0.126054 -0.0324413 6.67993e-05 -0.0324413 0.14875 -6.22572e-05 6.67993e-05 -6.22572e-05 1.28192e-07  
39784 1159 898 1 0.100582 -0.0253414 4.63572e-05 -0.0253414 0.124399 -4.58257e-05 4.63572e-05 -4.58257e-05 8.38292e-08  
39785 1157 897 1 0.127884 -0.0252027 5.15911e-05 -0.0252027 0.160869 -4.45345e-05 5.15911e-05 -4.45345e-05 9.11642e-08  
39786 1159 900 1 0.279316 -0.0424711 0.000107939 -0.0424711 0.145256 -5.99147e-05 0.000107939 -5.99147e-05 1.52271e-07  
39786 1158 916 1 0.21621 -0.0431659 9.09353e-05 -0.0431659 0.195158 -5.80736e-05 9.09353e-05 -5.80736e-05 1.22341e-07  
39787 1161 934 1 0.1382 -0.0296946 6.35269e-05 -0.0296946 0.105208 -5.12068e-05 6.35269e-05 -5.12068e-05 1.09549e-07  
39788 1163 950 1 0.10687 -0.0273768 5.73772e-05 -0.0273768 0.0956094 -4.93188e-05 5.73772e-05 -4.93188e-05 1.03364e-07  
39788 1164 967 1 0.103579 -0.0259426 5.06112e-05 -0.0259426 0.119898 -4.235e-05 5.06112e-05 -4.235e-05 8.26202e-08  
39789 1165 968 1 0.0740213 -0.0205979 4.1353e-05 -0.0205979 0.0671858 -3.59046e-05 4.1353e-05 -3.59046e-05 7.20834e-08  
39789 1168 969 1 0.19259 -0.0351466 8.15075e-05 -0.0351466 0.100576 -5.11601e-05 8.15075e-05 -5.11601e-05 1.18644e-07  
39790 1167 968 1 0.102771 -0.0235126 4.70656e-05 -0.0235126 0.0841065 -3.67573e-05 4.70656e-05 -3.67573e-05 7.35777e-08  
39790 1168 968 1 0.211538 -0.0479971 9.81067e-05 -0.0479971 0.249382 -7.68283e-05 9.81067e-05 -7.68283e-05 1.57038e-07  
39791 1170 966 1 0.108148 -0.0287451 5.59431e-05 -0.0287451 0.140309 -5.56492e-05 5.59431e-05 -5.56492e-05 1.08304e-07  
39791 1172 966 1 0.140396 -0.03652 7.46108e-05 -0.03652 0.140361 -7.0456e-05 7.46108e-05 -7.0456e-05 1.43942e-07  
39792 1172 967 1 0.111204 -0.0320324 5.57568e-05 -0.0320324 0.171231 -6.28887e-05 5.57568e-05 -6.28887e-05 1.09466e-07  
39792 1161 961 1 0.399121 0.075623 0.00019499 0.075623 1.44542 0.000274037 0.00019499 0.000274037 7.0659e-07  
39793 1174 977 1 0.117106 -0.0314045 5.54437e-05 -0.0314045 0.186503 -6.43298e-05 5.54437e-05 -6.43298e-05 1.13572e-07  
39793 1173 992 1 0.154894 -0.0284913 6.82255e-05 -0.0284913 0.100005 -3.75153e-05 6.82255e-05 -3.75153e-05 8.98346e-08  
39794 1175 1008 1 0.237492 -0.0430664 0.000100966 -0.0430664 0.138065 -6.01173e-05 0.000100966 -6.01173e-05 1.4094e-07  
39794 1170 1017 1 0.22233 -0.0304285 0.000102224 -0.0304285 0.464237 -8.13976e-05 0.000102224 -8.13976e-05 2.73453e-07  
39795 1174 1033 1 0.202084 -0.0394823 8.63789e-05 -0.0394823 0.150223 -5.73888e-05 8.63789e-05 -5.73888e-05 1.25554e-07  
39795 1172 1048 1 0.112835 -0.027261 5.30787e-05 -0.027261 0.190902 -5.64228e-05 5.30787e-05 -5.64228e-05 1.09858e-07  
39796 1172 1066 1 0.0993197 -0.0234692 4.79505e-05 -0.0234692 0.109642 -4.23508e-05 4.79505e-05 -4.23508e-05 8.65278e-08  
39797 1166 1084 1 0.253757 -0.0282207 0.000125276 -0.0282207 0.455398 -6.35934e-05 0.000125276 -6.35934e-05 2.82301e-07  
39797 1170 1104 1 0.248812 -0.0551869 0.000112059 -0.0551869 0.383321 -0.000105829 0.000112059 -0.000105829 2.14889e-07  
39798 1169 1123 1 0.226138 -0.0379666 8.99481e-05 -0.0379666 0.243931 -5.67398e-05 8.99481e-05 -5.67398e-05 1.34424e-07  
39798 1171 1141 1 0.269779 -0.0653468 0.000125299 -0.0653468 0.229452 -9.00643e-05 0.000125299 -9.00643e-05 1.72694e-07  
39799 1153 1112 1 0.247125 -0.0686492 -9.39527e-05 -0.0686492 0.900723 0.000163498 -9.39527e-05 0.000163498 2.23763e-07  
39799 1158 1224 1 0.272098 0.00470567 -4.58855e-06 0.00470567 54.5867 -0.000437808 -4.58855e-06 -0.000437808 4.26911e-07  
39799 1154 1148 1 0.265922 -0.0167014 -0.000140202 -0.0167014 0.804846 4.38781e-05 -0.000140202 4.38781e-05 3.6834e-07  
39800 1156 1188 1 0.211936 0.0555713 0.000107849 0.0555713 0.669518 0.000175795 0.000107849 0.000175795 3.4117e-07  
39800 1169 1191 1 0.125153 -0.0367843 6.52399e-05 -0.0367843 0.121353 -5.51674e-05 6.52399e-05 -5.51674e-05 9.7844e-08  
39801 1164 1189 1 0.246318 -0.0144332 0.000117323 -0.0144332 0.264868 -2.71535e-05 0.000117323 -2.71535e-05 2.20722e-07  
39801 1155 1152 1 0.281412 0.0262471 -0.000150776 0.0262471 0.668854 -5.40867e-05 -0.000150776 -5.40867e-05 3.10699e-07  
39802 1156 1157 1 0.349033 0.0405444 -0.000193345 0.0405444 0.988847 -0.00010286 -0.000193345 -0.00010286 4.9051e-07  
39803 1149 1153 1 0.32049 -0.0103077 -0.00016073 -0.0103077 0.572449 1.78593e-05 -0.00016073 1.78593e-05 2.78482e-07  
39803 1151 1154 1 0.329328 -0.00254222 -0.000165392 -0.00254222 0.789169 5.7386e-06 -0.000165392 5.7386e-06 3.73341e-07  
39804 1160 1187 1 0.528033 0.00210696 -9.94741e-05 0.00210696 1.07185 -1.72755e-05 -9.94741e-05 -1.72755e-05 8.15614e-07  
39804 1152 1191 1 0.31163 -0.00877362 -0.000162346 -0.00877362 0.70884 2.05278e-05 -0.000162346 2.05278e-05 3.79844e-07  
39805 1163 1240 1 0.296123 -0.00364279 0.000144559 -0.00364279 0.298127 -6.55321e-06 0.000144559 -6.55321e-06 2.60055e-07  
39805 1159 1220 1 0.252745 0.0133213 -0.000129198 0.0133213 0.613576 -3.14696e-05 -0.000129198 -3.14696e-05 3.0521e-07  
39806 1164 1230 1 0.358277 0.0341015 -0.000152836 0.0341015 1.22534 -0.000129536 -0.000152836 -0.000129536 5.80552e-07  
39806 1161 1254 1 0.235007 0.063723 0.00010751 0.063723 0.688981 0.000185793 0.00010751 0.000185793 3.1346e-07  
39807 1174 1259 1 0.181773 -0.0403681 8.47512e-05 -0.0403681 0.137154 -5.8468e-05 8.47512e-05 -5.8468e-05 1.22751e-07  
39807 1160 1222 1 0.253111 0.00792286 -0.00013321 0.00792286 0.533058 -1.59538e-05 -0.00013321 -1.59538e-05 2.68238e-07  
39808 1163 1218 1 0.27941 -0.00521101 -0.000135238 -0.00521101 0.857345 1.20562e-05 -0.000135238 1.20562e-05 3.12886e-07  
39808 1165 1221 1 0.2756 0.0198545 -0.000132189 0.0198545 0.89557 -4.90126e-05 -0.000132189 -4.90126e-05 3.26319e-07  
39808 1169 1118 1 0.23674 0.00702465 8.18833e-06 0.00702465 15.8337 0.000348096 8.18833e-06 0.000348096 4.0576e-07  
39809 1176 1258 1 0.11779 -0.0337662 6.11338e-05 -0.0337662 0.112945 -5.17281e-05 6.11338e-05 -5.17281e-05 9.36539e-08  
39809 1167 1219 1 0.270337 0.00185305 -0.000145266 0.00185305 0.621554 -3.92076e-06 -0.000145266 -3.92076e-06 3.0736e-07  
39809 1174 1220 1 0.193065 0.0347742 -9.67619e-05 0.0347742 0.346536 -5.62829e-05 -9.67619e-05 -5.62829e-05 1.56612e-07  
39810 1170 1011 1 0.2784 -0.00207536 8.36223e-06 -0.00207536 18.3019 -0.000120099 8.36223e-06 -0.000120099 4.83913e-07  
39810 1179 1223 1 0.172474 0.0634079 -8.41188e-05 0.0634079 0.330598 -9.50302e-05 -8.41188e-05 -9.50302e-05 1.2607e-07  
39811 1173 782 1 0.2804 -0.00621502 4.96074e-06 -0.00621502 28.4813 -0.000580289 4.96074e-06 -0.000580289 4.63179e-07  
39811 1173 1078 1 0.287816 -0.0115805 8.21805e-06 -0.0115805 19.8103 -0.000652826 8.21805e-06 -0.000652826 4.63273e-07  
39811 1175 1092 1 0.265631 -0.0101622 5.74114e-06 -0.0101622 27.6182 -0.000750502 5.74114e-06 -0.000750502 4.23995e-07  
39812 1174 1028 1 0.222304 -0.00560262 6.32825e-06 -0.00560262 14.8347 -0.000276881 6.32825e-06 -0.000276881 3.12741e-07  
39812 0 0 1 nan nan nan nan nan nan nan nan nan  
39812 1175 1322 1 0.12846 -0.0309628 6.89834e-05 -0.0309628 0.202307 -5.70574e-05 6.89834e-05 -5.70574e-05 1.27121e-07  
39813 1174 1293 1 0.280565 0.0532802 -0.000131342 0.0532802 0.420329 -7.84432e-05 -0.000131342 -7.84432e-05 1.93372e-07  
39813 1166 1023 1 0.298698 -0.00130686 8.31189e-06 -0.00130686 19.616 -7.22041e-05 8.31189e-06 -7.22041e-05 4.59232e-07  
39813 1174 1317 1 0.362402 0.0765884 -0.000172675 0.0765884 0.47433 -0.00010794 -0.000172675 -0.00010794 2.43359e-07  
39814 1168 1031 1 0.216896 -0.00635238 3.98623e-06 -0.00635238 22.2773 -0.000508018 3.98623e-06 -0.000508018 3.1879e-07  
39814 1169 1084 1 0.198946 0.00107738 1.71303e-06 0.00107738 39.6922 0.000165712 1.71303e-06 0.000165712 2.63481e-07  
39814 1166 1330 1 0.328383 0.0122621 -0.000204389 0.0122621 0.732737 -2.41589e-05 -0.000204389 -2.41589e-05 4.02691e-07  
39815 0 0 1 nan nan nan nan nan nan nan nan nan  
39815 1168 1350 1 0.327122 -0.00817059 4.61633e-05 -0.00817059 1.26552 -8.26257e-05 4.61633e-05 -8.26257e-05 4.66831e-07  
39815 1161 1332 1 0.249806 0.0435743 -0.000142215 0.0435743 0.517266 -8.52131e-05 -0.000142215 -8.52131e-05 2.78113e-07  
39816 0 0 1 nan nan nan nan nan nan nan nan nan  
39816 1169 1366 1 0.129394 -0.0411476 6.77375e-05 -0.0411476 0.165795 -6.61784e-05 6.77375e-05 -6.61784e-05 1.08943e-07  
39817 1155 1341 1 0.219244 -0.011768 -7.85052e-05 -0.011768 0.649134 4.23995e-05 -7.85052e-05 4.23995e-05 2.8285e-07  
39817 1152 1346 1 0.267223 -0.00124275 -1.2797e-05 -0.00124275 0.826674 4.42747e-05 -1.2797e-05 4.42747e-05 4.55908e-07  
39817 1155 1335 1 0.269694 0.0399578 -0.000140373 0.0399578 0.611312 -9.50047e-05 -0.000140373 -9.50047e-05 3.33754e-07  
39818 1151 1345 1 0.268815 -0.0134046 -5.34844e-05 -0.0134046 0.833632 0.00010493 -5.34844e-05 0.00010493 4.18672e-07  
39818 1164 1367 1 0.263371 -0.0575075 0.00011841 -0.0575075 0.210034 -7.99458e-05 0.00011841 -7.99458e-05 1.64611e-07  
39819 1151 1337 1 0.333607 0.0384566 -0.000210647 0.0384566 0.622944 -7.1248e-05 -0.000210647 -7.1248e-05 3.90263e-07  
39819 1154 1352 1 0.212021 0.0239978 -0.000100148 0.0239978 0.78855 -6.56711e-05 -0.000100148 -6.56711e-05 2.7406e-07  
39820 1166 1397 1 0.150385 -0.0389679 7.11486e-05 -0.0389679 0.144712 -5.61871e-05 7.11486e-05 -5.61871e-05 1.02588e-07  
39820 1152 1368 1 0.205202 -0.00865078 -0.000123077 -0.00865078 0.331557 1.59071e-05 -0.000123077 1.59071e-05 2.26315e-07  
39821 1153 1398 1 0.216026 -0.00127308 -8.02702e-06 -0.00127308 0.73129 5.4829e-05 -8.02702e-06 5.4829e-05 3.45707e-07  
39821 1166 1412 1 0.437238 0.00102033 -6.13704e-06 0.00102033 1.26211 -0.000107226 -6.13704e-06 -0.000107226 6.44943e-07  
39821 1158 1418 1 0.172623 0.00754705 -5.81331e-05 0.00754705 0.586623 -3.33834e-05 -5.81331e-05 -3.33834e-05 2.57144e-07  
39822 1165 1429 1 0.286881 0.0161667 -0.00011655 0.0161667 0.967225 -5.89835e-05 -0.00011655 -5.89835e-05 4.25228e-07  
39822 1161 1434 1 0.153684 -0.00359589 -8.05722e-05 -0.00359589 0.402274 1.08098e-05 -8.05722e-05 1.08098e-05 2.42213e-07  
39823 1162 1456 1 0.160719 -0.00564956 -3.39911e-05 -0.00564956 0.544012 4.05432e-05 -3.39911e-05 4.05432e-05 2.43931e-07  
39823 1165 1461 1 0.187396 0.0127778 -0.000106328 0.0127778 0.389538 -2.63086e-05 -0.000106328 -2.63086e-05 2.18921e-07  
39824 1163 1476 1 0.185829 -0.00146081 -7.66883e-05 -0.00146081 0.418515 4.84776e-06 -7.66883e-05 4.84776e-06 2.54494e-07  
39824 1165 1469 1 0.234667 -0.00497158 -0.000121159 -0.00497158 0.348075 8.48015e-06 -0.000121159 8.48015e-06 2.06665e-07  
39825 1164 1477 1 0.214208 0.00470667 -8.93045e-05 0.00470667 0.529037 -1.46957e-05 -8.93045e-05 -1.46957e-05 2.78837e-07  
39826 1174 1505 1 0.180045 -0.0306079 9.03268e-05 -0.0306079 0.153452 -4.1832e-05 9.03268e-05 -4.1832e-05 1.2345e-07  
39826 1163 1507 1 0.138758 0.0168793 5.86342e-05 0.0168793 0.484081 5.49492e-05 5.86342e-05 5.49492e-05 1.90879e-07  
39827 1170 1487 1 0.564003 0.00684135 -9.10321e-05 0.00684135 1.15778 -6.88604e-05 -9.10321e-05 -6.88604e-05 9.16268e-07  
39827 1170 1505 1 0.233756 -0.0485818 0.000125051 -0.0485818 0.200595 -6.51713e-05 0.000125051 -6.51713e-05 1.67752e-07  
39828 1162 1469 1 0.210479 0.0336145 -0.000115704 0.0336145 0.533763 -7.33079e-05 -0.000115704 -7.33079e-05 2.52333e-07  
39829 1170 1510 1 0.214593 -0.0515312 9.90692e-05 -0.0515312 0.206056 -7.19568e-05 9.90692e-05 -7.19568e-05 1.38337e-07  
39829 1163 1535 1 0.148915 0.00326715 8.89585e-05 0.00326715 0.46537 1.00192e-05 8.89585e-05 1.00192e-05 2.72804e-07  
39830 1165 1516 1 0.271038 -0.0158141 -0.000125846 -0.0158141 0.371219 2.72638e-05 -0.000125846 2.72638e-05 2.1696e-07  
39831 1175 1534 1 0.19582 0.0497384 -0.000104722 0.0497384 0.723003 -0.000128482 -0.000104722 -0.000128482 2.70514e-07  
39831 1184 1590 1 0.235272 -0.0495918 0.000118702 -0.0495918 0.270781 -7.46599e-05 0.000118702 -7.46599e-05 1.78705e-07  
39832 1181 1578 1 0.167397 0.00720025 -6.8936e-05 0.00720025 0.586176 -2.3133e-05 -6.8936e-05 -2.3133e-05 2.21478e-07  
39833 1190 1633 1 0.191804 -0.00819555 0.000103605 -0.00819555 0.247606 -1.31069e-05 0.000103605 -1.31069e-05 1.65693e-07  
39834 1188 1624 1 0.154046 0.0105145 -6.23786e-05 0.0105145 0.52951 -3.45105e-05 -6.23786e-05 -3.45105e-05 2.04737e-07  
39834 1191 1637 1 0.147782 -0.00548751 -7.06227e-05 -0.00548751 0.398386 1.3321e-05 -7.06227e-05 1.3321e-05 1.71437e-07  
39835 1197 1682 1 0.15789 0.0310413 4.9106e-05 0.0310413 0.885688 0.000166043 4.9106e-05 0.000166043 2.62673e-07  
39836 1197 1695 1 0.168432 -0.00403631 -2.402e-05 -0.00403631 0.506569 4.55624e-05 -2.402e-05 4.55624e-05 2.71141e-07  
39836 1205 1709 1 0.212898 0.0157312 -8.43932e-05 0.0157312 0.778173 -6.24339e-05 -8.43932e-05 -6.24339e-05 3.34939e-07  
39837 1208 1724 1 0.153267 0.0134185 -8.20709e-05 0.0134185 0.476631 -3.46083e-05 -8.20709e-05 -3.46083e-05 2.11673e-07  
39838 1211 1748 1 0.148832 0.00554316 -7.92034e-05 0.00554316 0.449166 -1.4778e-05 -7.92034e-05 -1.4778e-05 2.11156e-07  
39839 1212 1766 1 0.170825 -0.00897879 -8.57989e-05 -0.00897879 0.233267 1.49691e-05 -8.57989e-05 1.49691e-05 1.43041e-07  
39839 1224 1824 1 0.210896 -0.0385195 0.000114531 -0.0385195 0.295855 -6.1097e-05 0.000114531 -6.1097e-05 1.81661e-07  
39840 1220 1803 1 0.169653 0.00224634 -6.08556e-05 0.00224634 0.52426 -1.03793e-05 -6.08556e-05 -1.03793e-05 2.81186e-07  
39841 1221 1802 1 0.202723 0.0220847 -9.98755e-05 0.0220847 0.678722 -6.96325e-05 -9.98755e-05 -6.96325e-05 3.14905e-07  
39841 1223 1825 1 0.148506 0.0263906 0.000103855 0.0263906 0.221954 4.68621e-05 0.000103855 4.68621e-05 1.84417e-07  
39842 1223 1826 1 0.160435 0.0200935 0.000107637 0.0200935 0.248749 3.65323e-05 0.000107637 3.65323e-05 1.95698e-07  
39843 1222 1827 1 0.167377 -0.0188955 9.51301e-05 -0.0188955 0.179408 -2.75586e-05 9.51301e-05 -2.75586e-05 1.38745e-07  
39844 1215 1797 1 0.135777 0.000784571 -7.78125e-05 0.000784571 0.184126 -1.41878e-06 -7.78125e-05 -1.41878e-06 1.40713e-07  
39845 1210 1799 1 0.158701 0.0206501 -8.89683e-05 0.0206501 0.266804 -4.5013e-05 -8.89683e-05 -4.5013e-05 1.93933e-07  
39846 1209 1828 1 0.132821 0.0220294 6.78543e-05 0.0220294 0.50319 6.40905e-05 6.78543e-05 6.40905e-05 1.9741e-07  
39847 1206 1812 1 0.168383 -0.00410791 -1.91667e-05 -0.00410791 0.47611 5.95101e-05 -1.91667e-05 5.95101e-05 2.77663e-07  
39848 1206 1800 1 0.141703 -0.00257458 -7.61522e-05 -0.00257458 0.390079 6.1771e-06 -7.61522e-05 6.1771e-06 1.82709e-07  
39849 1214 1835 1 0.193083 -0.00252059 -0.000102237 -0.00252059 0.261854 4.4244e-06 -0.000102237 4.4244e-06 1.79457e-07  
39850 1226 1866 1 0.138092 0.00840528 -6.98931e-05 0.00840528 0.31656 -1.92413e-05 -6.98931e-05 -1.92413e-05 1.59999e-07  
39851 1230 1902 1 0.129525 0.0118025 -5.83888e-05 0.0118025 0.299796 -4.23617e-05 -5.83888e-05 -4.23617e-05 2.0957e-07  
39852 1239 1929 1 0.165218 0.0136164 -8.79152e-05 0.0136164 0.235807 -2.61224e-05 -8.79152e-05 -2.61224e-05 1.68661e-07  
39853 1251 1993 1 0.110578 -0.00241198 6.02471e-05 -0.00241198 0.297514 -5.43729e-06 6.02471e-05 -5.43729e-06 1.35814e-07  
39854 1257 2000 1 0.155808 0.0049248 -3.01171e-05 0.0049248 0.51539 -3.92617e-05 -3.01171e-05 -3.92617e-05 2.40101e-07  
39855 1260 1997 1 0.107896 0.0143595 -6.14624e-05 0.0143595 0.213863 -3.1943e-05 -6.14624e-05 -3.1943e-05 1.36724e-07  
39856 1260 1998 1 0.118838 0.00921186 -6.70162e-05 0.00921186 0.238212 -1.94613e-05 -6.70162e-05 -1.94613e-05 1.41581e-07  
39858 1259 1996 1 0.101232 0.00989695 -5.17323e-05 0.00989695 0.217778 -2.2951e-05 -5.17323e-05 -2.2951e-05 1.19967e-07  
39859 1253 1997 1 0.314104 -0.00507234 -0.000144928 -0.00507234 0.262537 7.38723e-06 -0.000144928 7.38723e-06 2.11069e-07  
39860 1257 1998 1 0.124508 0.0125015 -7.68264e-05 0.0125015 0.182125 -2.36488e-05 -7.68264e-05 -2.36488e-05 1.4533e-07  
39861 1260 2032 1 0.133667 -0.000115753 7.52744e-05 -0.000115753 0.391761 -2.6689e-07 7.52744e-05 -2.6689e-07 1.73559e-07  
39862 1263 2033 1 0.206191 -0.0342081 0.000122477 -0.0342081 0.24152 -5.00727e-05 0.000122477 -5.00727e-05 1.79278e-07  
39863 1247 1997 1 0.45961 -0.103456 -0.000193695 -0.103456 0.433174 0.000132714 -0.000193695 0.000132714 2.48475e-07  
